#Layer_Color=32896
#
#Feature symbol names
#
$0 r6
$1 r7.8122

#
#Feature attribute names
#
@0 .nomenclature
@1 .string
@2 .string_angle

#
#Feature attribute text strings
#
&0 \*

#
#Layer features
#
A 3.8225 3.3905 3.8225 3.4145 3.8225 3.4025 0 P 0 N
A 3.8225 3.3905 3.8225 3.4145 3.8225 3.4025 0 P 0 N
L 3.7605394 3.2720722 3.8027126 3.2720722 1 P 0 ;0,1=0,2=90.000000
L 3.7605394 3.2720722 3.8027126 3.2720722 1 P 0 ;0,1=0,2=90.000000
L 3.7710827 3.2545 3.7921693 3.2896443 1 P 0 ;0,1=0,2=90.000000
L 3.7710827 3.2545 3.7921693 3.2896443 1 P 0 ;0,1=0,2=90.000000
L 3.7710827 3.2896443 3.7921693 3.2545 1 P 0 ;0,1=0,2=90.000000
L 3.7710827 3.2896443 3.7921693 3.2545 1 P 0 ;0,1=0,2=90.000000
L 3.8225 3.3135 3.8225 3.3905 0 P 0
L 3.8225 3.3135 3.8225 3.3905 0 P 0
L 3.8225 3.3135 3.99925 3.3135 0 P 0
L 3.8225 3.3135 3.99925 3.3135 0 P 0
L 3.8225 3.3905 3.8225 3.4145 0 P 0
L 3.8225 3.3905 3.8225 3.4145 0 P 0
L 3.8225 3.4145 3.8225 3.4915 0 P 0
L 3.8225 3.4145 3.8225 3.4915 0 P 0
L 3.8225 3.4915 3.99925 3.4915 0 P 0
L 3.8225 3.4915 3.99925 3.4915 0 P 0
L 3.8275 3.2725 3.8275 3.3135 0 P 0
L 3.8275 3.2725 3.8275 3.3135 0 P 0
L 3.8275 3.2725 3.8385 3.2725 0 P 0
L 3.8275 3.2725 3.8385 3.2725 0 P 0
L 3.8275 3.3135 3.8385 3.3135 0 P 0
L 3.8275 3.3135 3.8385 3.3135 0 P 0
L 3.8275 3.4915 3.8275 3.5325 0 P 0
L 3.8275 3.4915 3.8275 3.5325 0 P 0
L 3.8275 3.4915 3.8385 3.4915 0 P 0
L 3.8275 3.4915 3.8385 3.4915 0 P 0
L 3.8275 3.5325 3.8385 3.5325 0 P 0
L 3.8275 3.5325 3.8385 3.5325 0 P 0
L 3.8385 3.2725 3.8385 3.3135 0 P 0
L 3.8385 3.2725 3.8385 3.3135 0 P 0
L 3.8385 3.4915 3.8385 3.5325 0 P 0
L 3.8385 3.4915 3.8385 3.5325 0 P 0
L 3.8385 3.4915 3.8395 3.4915 0 P 0
L 3.8385 3.4915 3.8395 3.4915 0 P 0
L 3.8525 3.2725 3.8525 3.3135 0 P 0
L 3.8525 3.2725 3.8525 3.3135 0 P 0
L 3.8525 3.2725 3.8645 3.2725 0 P 0
L 3.8525 3.2725 3.8645 3.2725 0 P 0
L 3.8525 3.3135 3.8645 3.3135 0 P 0
L 3.8525 3.3135 3.8645 3.3135 0 P 0
L 3.8525 3.4915 3.8525 3.5325 0 P 0
L 3.8525 3.4915 3.8525 3.5325 0 P 0
L 3.8525 3.4915 3.8645 3.4915 0 P 0
L 3.8525 3.4915 3.8645 3.4915 0 P 0
L 3.8525 3.5325 3.8645 3.5325 0 P 0
L 3.8525 3.5325 3.8645 3.5325 0 P 0
L 3.8645 3.2725 3.8645 3.3135 0 P 0
L 3.8645 3.2725 3.8645 3.3135 0 P 0
L 3.8645 3.4915 3.8645 3.5325 0 P 0
L 3.8645 3.4915 3.8645 3.5325 0 P 0
L 3.8785 3.2725 3.8785 3.3135 0 P 0
L 3.8785 3.2725 3.8785 3.3135 0 P 0
L 3.8785 3.2725 3.8905 3.2725 0 P 0
L 3.8785 3.2725 3.8905 3.2725 0 P 0
L 3.8785 3.3135 3.8905 3.3135 0 P 0
L 3.8785 3.3135 3.8905 3.3135 0 P 0
L 3.8785 3.4915 3.8785 3.5325 0 P 0
L 3.8785 3.4915 3.8785 3.5325 0 P 0
L 3.8785 3.4915 3.8905 3.4915 0 P 0
L 3.8785 3.4915 3.8905 3.4915 0 P 0
L 3.8785 3.5325 3.8905 3.5325 0 P 0
L 3.8785 3.5325 3.8905 3.5325 0 P 0
L 3.8905 3.2725 3.8905 3.3135 0 P 0
L 3.8905 3.2725 3.8905 3.3135 0 P 0
L 3.8905 3.4915 3.8905 3.5325 0 P 0
L 3.8905 3.4915 3.8905 3.5325 0 P 0
L 3.9035 3.2725 3.9035 3.3135 0 P 0
L 3.9035 3.2725 3.9035 3.3135 0 P 0
L 3.9035 3.2725 3.9155 3.2725 0 P 0
L 3.9035 3.2725 3.9155 3.2725 0 P 0
L 3.9035 3.3135 3.9155 3.3135 0 P 0
L 3.9035 3.3135 3.9155 3.3135 0 P 0
L 3.9035 3.4915 3.9035 3.5325 0 P 0
L 3.9035 3.4915 3.9035 3.5325 0 P 0
L 3.9035 3.4915 3.9155 3.4915 0 P 0
L 3.9035 3.4915 3.9155 3.4915 0 P 0
L 3.9035 3.5325 3.9155 3.5325 0 P 0
L 3.9035 3.5325 3.9155 3.5325 0 P 0
L 3.9155 3.2725 3.9155 3.3135 0 P 0
L 3.9155 3.2725 3.9155 3.3135 0 P 0
L 3.9155 3.4915 3.9155 3.5325 0 P 0
L 3.9155 3.4915 3.9155 3.5325 0 P 0
L 3.9295 3.2725 3.9295 3.3135 0 P 0
L 3.9295 3.2725 3.9295 3.3135 0 P 0
L 3.9295 3.2725 3.9415 3.2725 0 P 0
L 3.9295 3.2725 3.9415 3.2725 0 P 0
L 3.9295 3.3135 3.9415 3.3135 0 P 0
L 3.9295 3.3135 3.9415 3.3135 0 P 0
L 3.9295 3.4915 3.9295 3.5325 0 P 0
L 3.9295 3.4915 3.9295 3.5325 0 P 0
L 3.9295 3.4915 3.9415 3.4915 0 P 0
L 3.9295 3.4915 3.9415 3.4915 0 P 0
L 3.9295 3.5325 3.9415 3.5325 0 P 0
L 3.9295 3.5325 3.9415 3.5325 0 P 0
L 3.9415 3.2725 3.9415 3.3135 0 P 0
L 3.9415 3.2725 3.9415 3.3135 0 P 0
L 3.9415 3.4915 3.9415 3.5325 0 P 0
L 3.9415 3.4915 3.9415 3.5325 0 P 0
L 3.9545 3.2725 3.9545 3.3135 0 P 0
L 3.9545 3.2725 3.9545 3.3135 0 P 0
L 3.9545 3.2725 3.9665 3.2725 0 P 0
L 3.9545 3.2725 3.9665 3.2725 0 P 0
L 3.9545 3.3135 3.9665 3.3135 0 P 0
L 3.9545 3.3135 3.9665 3.3135 0 P 0
L 3.9555 3.4915 3.9555 3.5325 0 P 0
L 3.9555 3.4915 3.9555 3.5325 0 P 0
L 3.9555 3.4915 3.9665 3.4915 0 P 0
L 3.9555 3.4915 3.9665 3.4915 0 P 0
L 3.9555 3.5325 3.9665 3.5325 0 P 0
L 3.9555 3.5325 3.9665 3.5325 0 P 0
L 3.9665 3.2725 3.9665 3.3135 0 P 0
L 3.9665 3.2725 3.9665 3.3135 0 P 0
L 3.9665 3.4915 3.9665 3.5325 0 P 0
L 3.9665 3.4915 3.9665 3.5325 0 P 0
L 3.9805 3.2725 3.9805 3.3135 0 P 0
L 3.9805 3.2725 3.9805 3.3135 0 P 0
L 3.9805 3.2725 3.9925 3.2725 0 P 0
L 3.9805 3.2725 3.9925 3.2725 0 P 0
L 3.9805 3.3135 3.9925 3.3135 0 P 0
L 3.9805 3.3135 3.9925 3.3135 0 P 0
L 3.98175 3.49175 3.98175 3.53275 0 P 0
L 3.98175 3.49175 3.98175 3.53275 0 P 0
L 3.98175 3.49175 3.99275 3.49175 0 P 0
L 3.98175 3.49175 3.99275 3.49175 0 P 0
L 3.98175 3.53275 3.99275 3.53275 0 P 0
L 3.98175 3.53275 3.99275 3.53275 0 P 0
L 3.9925 3.2725 3.9925 3.3135 0 P 0
L 3.9925 3.2725 3.9925 3.3135 0 P 0
L 3.99275 3.49175 3.99275 3.53275 0 P 0
L 3.99275 3.49175 3.99275 3.53275 0 P 0
L 3.99925 3.3135 3.99925 3.4915 0 P 0
L 3.99925 3.3135 3.99925 3.4915 0 P 0
