#Layer_Color=16711935
#
#Feature symbol names
#
$0 r3.937
$1 r7.874

#
#Feature attribute names
#

#
#Layer features
#
L 2.1594803 3.1722048 2.1594803 3.278504 0 P 0
L 2.1594803 3.1722048 2.2933385 3.1722048 0 P 0
L 2.1594803 3.278504 2.2933385 3.278504 0 P 0
L 2.1594803 3.4122048 2.1594803 3.518504 0 P 0
L 2.1594803 3.4122048 2.2933385 3.4122048 0 P 0
L 2.1594803 3.518504 2.2933385 3.518504 0 P 0
L 2.1594803 3.6522048 2.1594803 3.758504 0 P 0
L 2.1594803 3.6522048 2.2933385 3.6522048 0 P 0
L 2.1594803 3.758504 2.2933385 3.758504 0 P 0
L 2.1594803 3.8922048 2.1594803 3.998504 0 P 0
L 2.1594803 3.8922048 2.2933385 3.8922048 0 P 0
L 2.1594803 3.998504 2.2933385 3.998504 0 P 0
L 2.1594803 4.1372048 2.1594803 4.243504 0 P 0
L 2.1594803 4.1372048 2.2933385 4.1372048 0 P 0
L 2.1594803 4.243504 2.2933385 4.243504 0 P 0
L 2.1935354 4.3816537 2.1935354 4.4190552 0 P 0
L 2.1935354 4.3816537 2.262433 4.3816537 0 P 0
L 2.1935354 4.4190552 2.262433 4.4190552 0 P 0
L 2.262433 4.3816537 2.262433 4.4190552 0 P 0
L 2.2933385 3.1722048 2.2933385 3.278504 0 P 0
L 2.2933385 3.4122048 2.2933385 3.518504 0 P 0
L 2.2933385 3.6522048 2.2933385 3.758504 0 P 0
L 2.2933385 3.8922048 2.2933385 3.998504 0 P 0
L 2.2933385 4.1372048 2.2933385 4.243504 0 P 0
L 2.4095984 3.1722048 2.4095984 3.278504 0 P 0
L 2.4095984 3.1722048 2.5434566 3.1722048 0 P 0
L 2.4095984 3.278504 2.5434566 3.278504 0 P 0
L 2.4144803 3.6522048 2.4144803 3.758504 0 P 0
L 2.4144803 3.6522048 2.5483385 3.6522048 0 P 0
L 2.4144803 3.758504 2.5483385 3.758504 0 P 0
L 2.4144803 3.8922048 2.4144803 3.998504 0 P 0
L 2.4144803 3.8922048 2.5483385 3.8922048 0 P 0
L 2.4144803 3.998504 2.5483385 3.998504 0 P 0
L 2.4144803 4.1372048 2.4144803 4.243504 0 P 0
L 2.4144803 4.1372048 2.5483385 4.1372048 0 P 0
L 2.4144803 4.243504 2.5483385 4.243504 0 P 0
L 2.4145984 3.4122048 2.4145984 3.518504 0 P 0
L 2.4145984 3.4122048 2.5484566 3.4122048 0 P 0
L 2.4145984 3.518504 2.5484566 3.518504 0 P 0
L 2.4535354 4.3816537 2.4535354 4.4190552 0 P 0
L 2.4535354 4.3816537 2.522433 4.3816537 0 P 0
L 2.4535354 4.4190552 2.522433 4.4190552 0 P 0
L 2.522433 4.3816537 2.522433 4.4190552 0 P 0
L 2.5434566 3.1722048 2.5434566 3.278504 0 P 0
L 2.5483385 3.6522048 2.5483385 3.758504 0 P 0
L 2.5483385 3.8922048 2.5483385 3.998504 0 P 0
L 2.5483385 4.1372048 2.5483385 4.243504 0 P 0
L 2.5484566 3.4122048 2.5484566 3.518504 0 P 0
L 2.7536535 4.0192519 2.7536535 4.3460236 0 P 0
L 2.7536535 4.0192519 3.1591653 4.0192519 0 P 0
L 2.7536535 4.3460236 2.8323937 4.4247637 0 P 0
L 2.7586535 3.3559842 2.7586535 3.6827559 0 P 0
L 2.7586535 3.3559842 2.8373936 3.2772441 0 P 0
L 2.7586535 3.6827559 3.1641653 3.6827559 0 P 0
L 2.8323937 4.4247637 3.0804252 4.4247637 0 P 0
L 2.8373936 3.2772441 3.0854251 3.2772441 0 P 0
L 3.0804252 4.4247637 3.1591653 4.3460236 0 P 0
L 3.0854251 3.2772441 3.1641653 3.3559842 0 P 0
L 3.1591653 4.0192519 3.1591653 4.3460236 0 P 0
L 3.1641653 3.3559842 3.1641653 3.6827559 0 P 0
L 3.2688898 3.2070473 3.2688898 3.3133465 0 P 0
L 3.2688898 3.2070473 3.402748 3.2070473 0 P 0
L 3.2688898 3.3133465 3.402748 3.3133465 0 P 0
L 3.269126 3.6972048 3.269126 3.803504 0 P 0
L 3.269126 3.6972048 3.4029842 3.6972048 0 P 0
L 3.269126 3.803504 3.4029842 3.803504 0 P 0
L 3.269126 3.9372048 3.269126 4.043504 0 P 0
L 3.269126 3.9372048 3.4029842 3.9372048 0 P 0
L 3.269126 4.043504 3.4029842 4.043504 0 P 0
L 3.269126 4.1822048 3.269126 4.288504 0 P 0
L 3.269126 4.1822048 3.4029842 4.1822048 0 P 0
L 3.269126 4.288504 3.4029842 4.288504 0 P 0
L 3.269126 4.4222048 3.269126 4.528504 0 P 0
L 3.269126 4.4222048 3.4029842 4.4222048 0 P 0
L 3.269126 4.528504 3.4029842 4.528504 0 P 0
L 3.2693622 3.4472048 3.2693622 3.553504 0 P 0
L 3.2693622 3.4472048 3.4032204 3.4472048 0 P 0
L 3.2693622 3.553504 3.4032204 3.553504 0 P 0
L 3.402748 3.2070473 3.402748 3.3133465 0 P 0
L 3.4029842 3.6972048 3.4029842 3.803504 0 P 0
L 3.4029842 3.9372048 3.4029842 4.043504 0 P 0
L 3.4029842 4.1822048 3.4029842 4.288504 0 P 0
L 3.4029842 4.4222048 3.4029842 4.528504 0 P 0
L 3.4032204 3.4472048 3.4032204 3.553504 0 P 0
L 4.0962598 3.5730709 4.0962598 3.7069291 0 P 0
L 4.0962598 3.5730709 4.202559 3.5730709 0 P 0
L 4.0962598 3.7069291 4.202559 3.7069291 0 P 0
L 4.202559 3.5730709 4.202559 3.7069291 0 P 0
L 4.2559501 3.0870485 4.2559501 3.3429525 1 P 0
L 4.2559501 3.0870485 4.6740621 3.0870485 1 P 0
L 4.2559501 3.3429525 4.6740621 3.3429525 1 P 0
L 4.3999606 3.6662992 4.3999606 3.7037007 0 P 0
L 4.3999606 3.6662992 4.4688582 3.6662992 0 P 0
L 4.3999606 3.7037007 4.4688582 3.7037007 0 P 0
L 4.4688582 3.6662992 4.4688582 3.7037007 0 P 0
L 4.5349605 3.6662992 4.5349605 3.7037008 0 P 0
L 4.5349605 3.6662992 4.6038582 3.6662992 0 P 0
L 4.5349605 3.7037008 4.6038582 3.7037008 0 P 0
L 4.6038582 3.6662992 4.6038582 3.7037008 0 P 0
L 4.6699606 3.6662992 4.6699606 3.7037008 0 P 0
L 4.6699606 3.6662992 4.7388583 3.6662992 0 P 0
L 4.6699606 3.7037008 4.7388583 3.7037008 0 P 0
L 4.6740621 3.0870485 4.6740621 3.3429525 1 P 0
L 4.6768504 3.4380709 4.6768504 3.5719291 0 P 0
L 4.6768504 3.4380709 4.7831496 3.4380709 0 P 0
L 4.6768504 3.5719291 4.7831496 3.5719291 0 P 0
L 4.7388583 3.6662992 4.7388583 3.7037008 0 P 0
L 4.7831496 3.4380709 4.7831496 3.5719291 0 P 0
