#Layer_Color=32768
#
#Feature symbol names
#
$0 r1.9685
$1 r3.937
$2 r7.874

#
#Feature attribute names
#

#
#Layer features
#
L 2.1358582 3.1623623 2.1358582 3.2883465 0 P 0
L 2.1358582 3.1623623 2.3169606 3.1623623 0 P 0
L 2.1358582 3.2883465 2.3169606 3.2883465 0 P 0
L 2.1358582 3.4023623 2.1358582 3.5283465 0 P 0
L 2.1358582 3.4023623 2.3169606 3.4023623 0 P 0
L 2.1358582 3.5283465 2.3169606 3.5283465 0 P 0
L 2.1358582 3.6423623 2.1358582 3.7683465 0 P 0
L 2.1358582 3.6423623 2.3169606 3.6423623 0 P 0
L 2.1358582 3.7683465 2.3169606 3.7683465 0 P 0
L 2.1358582 3.8823623 2.1358582 4.0083465 0 P 0
L 2.1358582 3.8823623 2.3169606 3.8823623 0 P 0
L 2.1358582 4.0083465 2.3169606 4.0083465 0 P 0
L 2.1358582 4.1273623 2.1358582 4.2533465 0 P 0
L 2.1358582 4.1273623 2.3169606 4.1273623 0 P 0
L 2.1358582 4.2533465 2.3169606 4.2533465 0 P 0
L 2.1748346 4.3708269 2.1748346 4.429882 0 P 0
L 2.1748346 4.3708269 2.2811338 4.3708269 0 P 0
L 2.1748346 4.429882 2.2811338 4.429882 0 P 0
L 2.2067244 3.2253544 2.2460944 3.2253544 1 P 0
L 2.2067244 3.4653544 2.2460944 3.4653544 1 P 0
L 2.2067244 3.7053544 2.2460944 3.7053544 1 P 0
L 2.2067244 3.9453544 2.2460944 3.9453544 1 P 0
L 2.2067244 4.1903544 2.2460944 4.1903544 1 P 0
L 2.2092834 4.4003544 2.246685 4.4003544 1 P 0
L 2.2264094 3.2056694 2.2264094 3.2450394 1 P 0
L 2.2264094 3.4456694 2.2264094 3.4850394 1 P 0
L 2.2264094 3.6856694 2.2264094 3.7250394 1 P 0
L 2.2264094 3.9256694 2.2264094 3.9650394 1 P 0
L 2.2264094 4.1706694 2.2264094 4.2100394 1 P 0
L 2.2279842 4.3816537 2.2279842 4.4190552 1 P 0
L 2.2811338 4.3708269 2.2811338 4.429882 0 P 0
L 2.3169606 3.1623623 2.3169606 3.2883465 0 P 0
L 2.3169606 3.4023623 2.3169606 3.5283465 0 P 0
L 2.3169606 3.6423623 2.3169606 3.7683465 0 P 0
L 2.3169606 3.8823623 2.3169606 4.0083465 0 P 0
L 2.3169606 4.1273623 2.3169606 4.2533465 0 P 0
L 2.3859763 3.1623623 2.3859763 3.2883465 0 P 0
L 2.3859763 3.1623623 2.5670787 3.1623623 0 P 0
L 2.3859763 3.2883465 2.5670787 3.2883465 0 P 0
L 2.3908582 3.6423623 2.3908582 3.7683465 0 P 0
L 2.3908582 3.6423623 2.5719606 3.6423623 0 P 0
L 2.3908582 3.7683465 2.5719606 3.7683465 0 P 0
L 2.3908582 3.8823623 2.3908582 4.0083465 0 P 0
L 2.3908582 3.8823623 2.5719606 3.8823623 0 P 0
L 2.3908582 4.0083465 2.5719606 4.0083465 0 P 0
L 2.3908582 4.1273623 2.3908582 4.2533465 0 P 0
L 2.3908582 4.1273623 2.5719606 4.1273623 0 P 0
L 2.3908582 4.2533465 2.5719606 4.2533465 0 P 0
L 2.3909763 3.4023623 2.3909763 3.5283465 0 P 0
L 2.3909763 3.4023623 2.5720787 3.4023623 0 P 0
L 2.3909763 3.5283465 2.5720787 3.5283465 0 P 0
L 2.4348346 4.3708269 2.4348346 4.429882 0 P 0
L 2.4348346 4.3708269 2.5411338 4.3708269 0 P 0
L 2.4348346 4.429882 2.5411338 4.429882 0 P 0
L 2.4568425 3.2253544 2.4962125 3.2253544 1 P 0
L 2.4617244 3.7053544 2.5010944 3.7053544 1 P 0
L 2.4617244 3.9453544 2.5010944 3.9453544 1 P 0
L 2.4617244 4.1903544 2.5010944 4.1903544 1 P 0
L 2.4618425 3.4653544 2.5012125 3.4653544 1 P 0
L 2.4692834 4.4003544 2.506685 4.4003544 1 P 0
L 2.4765275 3.2056694 2.4765275 3.2450394 1 P 0
L 2.4814094 3.6856694 2.4814094 3.7250394 1 P 0
L 2.4814094 3.9256694 2.4814094 3.9650394 1 P 0
L 2.4814094 4.1706694 2.4814094 4.2100394 1 P 0
L 2.4815275 3.4456694 2.4815275 3.4850394 1 P 0
L 2.4879842 4.3816537 2.4879842 4.4190552 1 P 0
L 2.5411338 4.3708269 2.5411338 4.429882 0 P 0
L 2.5670787 3.1623623 2.5670787 3.2883465 0 P 0
L 2.5719606 3.6423623 2.5719606 3.7683465 0 P 0
L 2.5719606 3.8823623 2.5719606 4.0083465 0 P 0
L 2.5719606 4.1273623 2.5719606 4.2533465 0 P 0
L 2.5720787 3.4023623 2.5720787 3.5283465 0 P 0
L 2.732 3.9188582 2.732 4.5251574 0 P 0
L 2.732 3.9188582 3.1768818 3.9188582 0 P 0
L 2.732 4.5251574 3.1768818 4.5251574 0 P 0
L 2.740937 3.1768504 2.740937 3.7831496 0 P 0
L 2.740937 3.1768504 3.1858188 3.1768504 0 P 0
L 2.740937 3.7831496 3.1858188 3.7831496 0 P 0
L 2.9367244 4.2220078 2.9760944 4.2220078 1 P 0
L 2.9417244 3.48 2.9810944 3.48 1 P 0
L 2.9564094 4.2023228 2.9564094 4.2416929 1 P 0
L 2.9614094 3.4603149 2.9614094 3.499685 1 P 0
L 3.1768818 3.9188582 3.1768818 4.5251574 0 P 0
L 3.1858188 3.1768504 3.1858188 3.7831496 0 P 0
L 3.2452677 3.1972048 3.2452677 3.323189 0 P 0
L 3.2452677 3.1972048 3.4263701 3.1972048 0 P 0
L 3.2452677 3.323189 3.4263701 3.323189 0 P 0
L 3.2455039 3.6873623 3.2455039 3.8133465 0 P 0
L 3.2455039 3.6873623 3.4266063 3.6873623 0 P 0
L 3.2455039 3.8133465 3.4266063 3.8133465 0 P 0
L 3.2455039 3.9273623 3.2455039 4.0533465 0 P 0
L 3.2455039 3.9273623 3.4266063 3.9273623 0 P 0
L 3.2455039 4.0533465 3.4266063 4.0533465 0 P 0
L 3.2455039 4.1723623 3.2455039 4.2983465 0 P 0
L 3.2455039 4.1723623 3.4266063 4.1723623 0 P 0
L 3.2455039 4.2983465 3.4266063 4.2983465 0 P 0
L 3.2455039 4.4123623 3.2455039 4.5383465 0 P 0
L 3.2455039 4.4123623 3.4266063 4.4123623 0 P 0
L 3.2455039 4.5383465 3.4266063 4.5383465 0 P 0
L 3.2457401 3.4373623 3.2457401 3.5633465 0 P 0
L 3.2457401 3.4373623 3.4268425 3.4373623 0 P 0
L 3.2457401 3.5633465 3.4268425 3.5633465 0 P 0
L 3.3161339 3.2601969 3.3555039 3.2601969 1 P 0
L 3.3163701 3.7503544 3.3557401 3.7503544 1 P 0
L 3.3163701 3.9903544 3.3557401 3.9903544 1 P 0
L 3.3163701 4.2353544 3.3557401 4.2353544 1 P 0
L 3.3163701 4.4753544 3.3557401 4.4753544 1 P 0
L 3.3166063 3.5003544 3.3559763 3.5003544 1 P 0
L 3.3358189 3.2405119 3.3358189 3.2798819 1 P 0
L 3.3360551 3.7306694 3.3360551 3.7700394 1 P 0
L 3.3360551 3.9706694 3.3360551 4.0100394 1 P 0
L 3.3360551 4.2156694 3.3360551 4.2550394 1 P 0
L 3.3360551 4.4556694 3.3360551 4.4950394 1 P 0
L 3.3362913 3.4806694 3.3362913 3.5200394 1 P 0
L 3.4263701 3.1972048 3.4263701 3.323189 0 P 0
L 3.4266063 3.6873623 3.4266063 3.8133465 0 P 0
L 3.4266063 3.9273623 3.4266063 4.0533465 0 P 0
L 3.4266063 4.1723623 3.4266063 4.2983465 0 P 0
L 3.4266063 4.4123623 3.4266063 4.5383465 0 P 0
L 3.4268425 3.4373623 3.4268425 3.5633465 0 P 0
L 4.0864173 3.5494488 4.0864173 3.7305512 0 P 0
L 4.0864173 3.5494488 4.2124015 3.5494488 0 P 0
L 4.0864173 3.7305512 4.2124015 3.7305512 0 P 0
L 4.1297244 3.64 4.1690944 3.64 1 P 0
L 4.1494094 3.620315 4.1494094 3.659685 1 P 0
L 4.2124015 3.5494488 4.2124015 3.7305512 0 P 0
L 4.2390157 3.0693307 4.2390157 3.3291732 2 P 0
L 4.2390157 3.0693307 4.6949213 3.0693307 2 P 0
L 4.2390157 3.3291732 4.2390157 3.3606693 2 P 0
L 4.2390157 3.3606693 4.6949213 3.3606693 2 P 0
L 4.3812598 3.6554724 4.3812598 3.7145275 0 P 0
L 4.3812598 3.6554724 4.487559 3.6554724 0 P 0
L 4.3812598 3.7145275 4.487559 3.7145275 0 P 0
L 4.4157086 3.685 4.4531102 3.685 1 P 0
L 4.4344094 3.6662992 4.4344094 3.7037007 1 P 0
L 4.445315 3.215 4.484685 3.215 2 P 0
L 4.465 3.195315 4.465 3.234685 2 P 0
L 4.487559 3.6554724 4.487559 3.7145275 0 P 0
L 4.5162597 3.6554725 4.5162597 3.7145276 0 P 0
L 4.5162597 3.6554725 4.622559 3.6554725 0 P 0
L 4.5162597 3.7145276 4.622559 3.7145276 0 P 0
L 4.5507086 3.685 4.5881101 3.685 1 P 0
L 4.5694094 3.6662992 4.5694094 3.7037008 1 P 0
L 4.622559 3.6554725 4.622559 3.7145276 0 P 0
L 4.6512598 3.6554724 4.6512598 3.7145275 0 P 0
L 4.6512598 3.6554724 4.7575591 3.6554724 0 P 0
L 4.6512598 3.7145275 4.7575591 3.7145275 0 P 0
L 4.6670079 3.4144488 4.6670079 3.5955512 0 P 0
L 4.6670079 3.4144488 4.7929921 3.4144488 0 P 0
L 4.6670079 3.5955512 4.7929921 3.5955512 0 P 0
L 4.6857087 3.685 4.7231102 3.685 1 P 0
L 4.6949213 3.0693307 4.6949213 3.3449213 2 P 0
L 4.6949213 3.3449213 4.6949213 3.3606693 2 P 0
L 4.7044094 3.6662992 4.7044094 3.7037008 1 P 0
L 4.710315 3.505 4.749685 3.505 1 P 0
L 4.73 3.485315 4.73 3.524685 1 P 0
L 4.7575591 3.6554724 4.7575591 3.7145275 0 P 0
L 4.7929921 3.4144488 4.7929921 3.5955512 0 P 0
